Метод возможных направлений:

k1 =

     7


k2 =

    7.0000

______________________________
   Шаг номер:   
     1

   Координаты точки:  
    x1 ; x2  = 
     0
     0

u= 
     1

   Значения функции:   
     0


k1 =

     1


k2 =

   -0.5437

______________________________
   Шаг номер:   
     2

   Координаты точки:  
    x1 ; x2  = 
    2.5725
    2.5725

u= 
   23.6335

   Значения функции:   
  940.7058


k1 =

    4.0077


k2 =

    4.6558

______________________________
   Шаг номер:   
     3

   Координаты точки:  
    x1 ; x2  = 
    2.9923
    2.3442

u= 
     1

   Значения функции:   
  945.6662


k1 =

     1


k2 =

   -0.5091

______________________________
   Шаг номер:   
     4

   Координаты точки:  
    x1 ; x2  = 
    3.0290
    2.3869

u= 
    6.2420

   Значения функции:   
  957.0133


k1 =

    3.8556


k2 =

    4.6719

______________________________
   Шаг номер:   
     5

   Координаты точки:  
    x1 ; x2  = 
    3.1444
    2.3281

u= 
     1

   Значения функции:   
  957.3736


k1 =

     1


k2 =

   -0.5002

______________________________
   Шаг номер:   
     6

   Координаты точки:  
    x1 ; x2  = 
    3.1470
    2.3312

u= 
    1.6534

   Значения функции:   
  958.1970


k1 =

    3.8221


k2 =

    4.6842

______________________________
   Шаг номер:   
     7

   Координаты точки:  
    x1 ; x2  = 
    3.1779
    2.3158

u= 
     1

   Значения функции:   
  958.2225


k1 =

     1


k2 =

   -0.4978

______________________________
   Шаг номер:   
     8

   Координаты точки:  
    x1 ; x2  = 
    3.1781
    2.3160

u= 
    0.4384

   Значения функции:   
  958.2811


k1 =

    3.8137


k2 =

    4.6881

______________________________
   Шаг номер:   
     9

   Координаты точки:  
    x1 ; x2  = 
    3.1863
    2.3119

u= 
     1

   Значения функции:   
  958.2829


k1 =

     1


k2 =

   -0.4972

______________________________
   Шаг номер:   
    10

   Координаты точки:  
    x1 ; x2  = 
    3.1863
    2.3119

u= 
    0.1163

   Значения функции:   
  958.2870


k1 =

    3.8115


k2 =

    4.6891

______________________________
   Шаг номер:   
    11

   Координаты точки:  
    x1 ; x2  = 
    3.1885
    2.3109

u= 
     1

   Значения функции:   
  958.2871


k1 =

     1


k2 =

   -0.4970

______________________________
   Шаг номер:   
    12

   Координаты точки:  
    x1 ; x2  = 
    3.1885
    2.3109

u= 
    0.0309

   Значения функции:   
  958.2874


k1 =

    3.8109


k2 =

    4.6894

______________________________
   Шаг номер:   
    13

   Координаты точки:  
    x1 ; x2  = 
    3.1891
    2.3106

u= 
     1

   Значения функции:   
  958.2874


k1 =

     1


k2 =

   -0.4969

______________________________
   Шаг номер:   
    14

   Координаты точки:  
    x1 ; x2  = 
    3.1891
    2.3106

u= 
    0.0082

   Значения функции:   
  958.2874